1 1
2 1
3 2
4 3
5 2
6 5
7 3
8 5
9 4
10 3
11 7
12 7
13 5
14 9
15 11
16 9
17 10
18 7
19 8
20 11
21 13
22 13
23 9
24 17
25 7
26 11
27 10
28 11
29 18
30 19
31 18
32 9
33 14
34 13
35 13
36 13
37 23
38 27
39 25
40 29
41 26
42 19
43 25
44 27
45 26
46 27
47 18
48 13
49 19
50 21
51 37
52 33
53 22
54 19
55 34
56 41
57 35
58 17
59 36
60 23
61 43
62 35
63 37
64 37
65 18
66 29
67 26
68 25
69 29
70 41
71 27
72 53
73 27
74 31
75 31
76 47
77 47
78 55
79 49
80 49
81 47
82 57
83 23
84 53
85 33
86 55
87 32
88 37
89 34
90 37
91 40
92 35
93 26
94 53
95 36
96 43
97 60
98 29
99 58
100 37
101 37
102 59
103 64
104 43
105 76
106 41
107 60
108 67
109 69
110 43
111 68
112 65
113 43
114 41
115 71
116 67
117 68
118 73
119 73
120 53
121 71
122 85
123 47
124 47
125 37
126 71
127 47
128 49
129 50
130 47
131 55
132 49
133 55
134 97
135 79
136 57
137 85
138 41
139 88
140 87
141 55
142 87
143 83
144 89
145 56
146 89
147 43
148 83
149 92
150 61
151 62
152 63
153 97
154 111
155 64
156 43
157 60
158 97
159 112
160 93
161 93
162 67
163 100
164 61
165 104
166 105
167 98
168 97
169 98
170 47
171 106
172 101
173 100
174 101
175 67
176 111
177 65
178 69
179 68
180 79
181 76
182 71
183 71
184 77
185 68
186 71
187 79
188 79
189 137
190 139
191 80
192 73
193 81
194 75
195 76
196 81
197 142
198 127
199 123
200 83
201 83
202 89
203 118
204 89
205 84
206 119
207 128
208 129
209 128
210 121
211 133
212 123
213 125
214 131
215 136
216 79
217 60
218 133
219 127
220 123
221 137
222 85
223 125
224 81
225 127
226 83
227 88
228 139
229 87
230 133
231 97
232 131
233 89
234 145
235 138
236 167
237 137
238 93
239 105
240 169
241 92
242 67
243 154
244 103
245 103
246 155
247 69
248 109
249 95
250 97
251 147
252 197
253 93
254 157
255 97
256 157
257 108
258 109
259 101
260 187
261 107
262 111
263 100
264 115
265 98
266 101
267 98
268 157
269 104
270 167
271 112
272 169
273 101
274 115
275 199
276 107
277 106
278 75
279 106
280 157
281 116
282 119
283 175
284 119
285 101
286 181
287 178
288 121
289 177
290 179
291 184
292 121
293 170
294 215
295 183
296 113
297 188
298 175
299 183
300 91
301 186
302 185
303 175
304 211
305 177
306 193
307 178
308 179
309 191
310 179
311 192
312 181
313 192
314 199
315 88
316 87
317 186
318 121
319 201
320 203
321 118
322 123
323 225
324 91
325 119
326 137
327 190
328 97
329 139
330 241
331 203
332 235
333 92
334 127
335 128
336 209
337 129
338 131
339 142
340 239
341 201
342 193
343 144
344 133
345 131
346 143
347 132
348 125
349 146
350 253
351 254
352 127
353 131
354 131
355 149
356 139
357 131
358 137
359 222
360 139
361 148
362 153
363 100
364 141
365 231
366 227
367 227
368 141
369 226
370 153
371 229
372 215
373 138
374 217
375 233
376 111
377 233
378 155
379 231
380 147
381 235
382 237
383 112
384 149
385 106
386 107
387 160
388 161
389 163
390 241
391 283
392 171
393 152
394 165
395 242
396 287
397 154
398 147
399 118
400 147
401 289
402 233
403 250
404 235
405 227
406 257
407 258
408 229
409 169
410 173
411 157
412 231
413 253
414 239
415 254
416 293
417 242
418 265
419 242
420 151
421 174
422 249
423 266
424 161
425 247
426 263
427 241
428 301
429 251
430 271
431 266
432 265
433 274
434 269
435 269
436 267
437 271
438 257
439 168
440 123
441 169
442 271
443 257
444 281
445 123
446 273
447 187
448 277
449 283
450 167
451 162
452 279
453 266
454 321
455 267
456 265
457 265
458 175
459 194
460 297
461 127
462 271
463 170
464 287
465 178
466 177
467 181
468 287
469 179
470 197
471 170
472 291
473 277
474 199
475 174
476 305
477 133
478 183
479 296
480 283
481 142
482 177
483 283
484 295
485 188
486 275
487 186
488 301
489 143
490 207
491 203
492 289
493 207
494 207
495 208
496 359
497 293
498 209
499 209
500 191
501 275
502 321
503 192
504 149
505 192
506 139
507 196
508 279
509 188
510 361
511 317
512 369
513 212
514 213
515 326
516 217
517 190
518 381
519 329
520 201
521 322
522 193
523 325
524 321
525 296
526 221
527 338
528 335
529 307
530 219
531 374
532 143
533 196
534 203
535 309
536 339
537 329
538 223
539 390
540 329
541 334
542 335
543 331
544 223
545 337
546 337
547 335
548 225
549 346
550 233
551 338
552 163
553 324
554 227
555 322
556 403
557 324
558 211
559 328
560 213
561 355
562 347
563 316
564 413
565 346
566 351
567 235
568 157
569 351
570 167
571 362
572 353
573 413
574 333
575 353
576 415
577 352
578 359
579 358
580 367
581 222
582 215
583 344
584 373
585 328
586 173
587 215
588 361
589 426
590 333
591 217
592 417
593 227
594 227
595 226
596 231
597 347
598 353
599 346
600 229
601 347
602 347
603 425
604 217
605 254
606 251
607 352
608 373
609 353
610 233
611 374
612 239
613 254
614 387
615 389
616 235
617 391
618 239
619 438
620 393
621 238
622 365
623 394
624 395
625 367
626 363
627 245
628 363
629 443
630 241
631 241
632 365
633 175
634 393
635 248
636 263
637 242
638 179
639 403
640 397
641 376
642 373
643 178
644 505
645 271
646 373
647 376
648 181
649 398
650 189
651 286
652 249
653 250
654 383
655 274
656 405
657 403
658 415
659 242
660 383
661 242
662 479
663 257
664 385
665 411
666 253
667 293
668 255
669 254
670 387
671 256
672 247
673 199
674 283
675 488
676 261
677 286
678 397
679 416
680 393
681 263
682 283
683 287
684 265
685 398
686 485
687 403
688 531
689 263
690 289
691 290
692 193
693 425
694 425
695 257
696 401
697 265
698 295
699 392
700 257
701 271
702 295
703 269
704 269
705 413
706 261
707 274
708 271
709 293
710 439
711 439
712 199
713 441
714 299
715 441
716 415
717 301
718 273
719 273
720 521
721 302
722 267
723 446
724 275
725 277
726 305
727 282
728 449
729 301
730 279
731 279
732 283
733 284
734 303
735 466
736 309
737 311
738 305
739 273
740 451
741 458
742 461
743 307
744 439
745 308
746 437
747 313
748 541
749 474
750 287
751 287
752 465
753 467
754 285
755 466
756 463
757 440
758 425
759 469
760 439
761 535
762 427
763 291
764 551
765 317
766 555
767 445
768 475
769 542
770 299
771 473
772 317
773 478
774 545
775 296
776 475
777 482
778 351
779 493
780 571
781 478
782 485
783 452
784 565
785 439
786 439
787 482
788 487
789 487
790 559
791 327
792 485
793 458
794 329
795 487
796 485
797 468
798 463
799 351
800 579
801 463
802 465
803 466
804 515
805 467
806 473
807 469
808 217
809 500
810 563
811 513
812 241
813 496
814 503
815 514
816 577
817 474
818 505
819 473
820 503
821 226
822 517
823 526
824 521
825 487
826 479
827 231
828 317
829 229
830 487
831 526
832 517
833 342
834 517
835 489
836 307
837 484
838 487
839 520
840 487
841 326
842 523
843 322
844 309
845 321
846 541
847 597
848 329
849 373
850 477
851 522
852 599
853 495
854 493
855 359
856 325
857 315
858 499
859 254
860 309
861 316
862 551
863 335
864 365
865 534
866 329
867 256
868 339
869 329
870 509
871 366
872 241
873 494
874 367
875 334
876 491
877 335
878 495
879 622
880 373
881 369
882 337
883 338
884 371
885 343
886 367
887 328
888 521
889 338
890 391
891 500
892 375
893 628
894 523
895 346
896 331
897 517
898 377
899 344
900 649
901 242
902 509
903 250
904 345
905 374
906 379
907 333
908 381
909 347
910 513
911 346
912 563
913 401
914 401
915 338
916 355
917 351
918 647
919 665
920 257
921 406
922 569
923 258
924 383
925 654
926 407
927 344
928 353
929 390
930 389
931 354
932 395
933 362
934 547
935 361
936 365
937 358
938 545
939 530
940 581
941 552
942 361
943 545
944 347
945 346
946 415
947 556
948 347
949 582
950 371
951 364
952 263
953 559
954 419
955 416
956 605
957 283
958 363
959 593
960 403
961 596
962 265
963 407
964 595
965 591
966 611
967 593
968 221
969 397
970 287
971 600
972 271
973 570
974 563
975 413
976 605
977 626
978 373
979 568
980 379
981 373
982 567
983 608
984 413
985 374
986 413
987 610
988 405
989 363
990 431
991 363
992 367
993 377
994 433
995 417
996 557
997 616
998 275
999 418
1000 367
