11 7
13 5
17 10
19 8
23 9
29 18
31 18
37 23
41 26
43 25
47 18
53 22
59 36
61 43
67 26
71 27
73 27
79 49
83 23
89 34
97 60
101 37
103 64
107 60
109 69
113 43
127 47
131 55
137 85
139 88
149 92
151 62
157 60
163 100
167 98
173 100
179 68
181 76
191 80
193 81
197 142
199 123
211 133
223 125
227 88
229 87
233 89
239 105
241 92
251 147
257 108
263 100
269 104
271 112
277 106
281 116
283 175
293 170
307 178
311 192
313 192
317 186
331 203
337 129
347 132
349 146
353 131
359 222
367 227
373 138
379 231
383 112
389 163
397 154
401 289
409 169
419 242
421 174
431 266
433 274
439 168
443 257
449 283
457 265
461 127
463 170
467 181
479 296
487 186
491 203
499 209
503 192
509 188
521 322
523 325
541 334
547 335
557 324
563 316
569 351
571 362
577 352
587 215
593 227
599 346
601 347
607 352
613 254
617 391
619 438
631 241
641 376
643 178
647 376
653 250
659 242
661 242
673 199
677 286
683 287
691 290
701 271
709 293
719 273
727 282
733 284
739 273
743 307
751 287
757 440
761 535
769 542
773 478
787 482
797 468
809 500
811 513
821 226
823 526
827 231
829 229
839 520
853 495
857 315
859 254
863 335
877 335
881 369
883 338
887 328
907 333
911 346
919 665
929 390
937 358
941 552
947 556
953 559
967 593
971 600
977 626
983 608
991 363
997 616
1009 417
1013 568
1019 430
1021 631
1031 432
1033 434
1039 752
1049 756
1051 610
1061 438
1063 449
1069 663
1087 610
1091 633
1093 453
1097 672
1103 684
1109 643
1117 648
1123 413
1129 697
1151 669
1153 666
1163 718
1171 738
1181 732
1187 697
1193 700
1201 469
1213 750
1217 465
1223 474
1229 365
1231 899
1237 366
1249 790
1259 482
1277 495
1279 374
1283 542
1289 541
1291 542
1297 545
1301 546
1303 547
1307 956
1319 545
1321 555
1327 513
1361 517
1367 848
1373 522
1381 874
1399 857
1409 892
1423 827
1427 882
1429 882
1433 906
1439 877
1447 899
1451 608
1453 843
1459 1056
1471 909
1481 907
1483 917
1487 411
1489 920
1493 1076
1499 1080
1511 559
1523 640
1531 582
1543 570
1549 1091
1553 642
1559 595
1567 606
1571 600
1579 654
1583 920
1597 610
1601 1009
1607 907
1609 987
1613 616
1619 1004
1621 1147
1627 944
1637 678
1657 458
1663 600
1667 651
1669 979
1693 1050
1697 474
1699 997
1709 653
1721 756
1723 999
1733 1075
1741 1076
1747 1015
1753 669
1759 1079
1777 1090
1783 691
1787 684
1789 1038
1801 1390
1811 702
1823 1118
1831 673
1847 707
1861 782
1867 1154
1871 1154
1873 726
1877 788
1879 787
1889 798
1901 722
1907 1183
1913 732
1931 798
1933 534
1949 818
1951 1406
1973 1220
1979 1212
1987 1228
1993 1444
1997 1153
1999 759
2003 830
2011 1166
2017 748
2027 1251
2029 775
2039 790
2053 1301
2063 1275
2069 1267
2081 791
2083 1276
2087 1321
2089 1212
2099 1217
2111 1292
2113 1228
2129 898
2131 1317
2137 1344
2141 1323
2143 1323
2153 596
2161 1339
2179 1379
2203 843
2207 843
2213 1241
2221 1355
2237 821
2239 940
2243 856
2251 855
2267 861
2269 866
2273 1403
2281 884
2287 961
2293 948
2297 964
2309 882
2311 883
2333 887
2339 895
2341 905
2347 867
2351 987
2357 633
2371 926
2377 1044
2381 904
2383 987
2389 1388
2393 916
2399 1481
2411 666
2417 872
2423 1503
2437 933
2441 672
2447 1420
2459 903
2467 903
2473 1518
2477 961
2503 1584
2521 1556
2531 959
2539 984
2543 752
2549 989
2551 1072
2557 992
2579 1080
2591 1589
2593 952
2609 992
2617 1140
2621 962
2633 1008
2647 972
2657 1017
2659 1028
2663 1105
2671 986
2677 1694
2683 1040
2687 1041
2689 1021
2693 1023
2699 1645
2707 1706
2711 1675
2713 1002
2719 1959
2729 1002
2731 1975
2741 1062
2749 1065
2753 1067
2767 1052
2777 1060
2789 1765
2791 1608
2797 1773
2801 1732
2803 1174
2819 1634
2833 1082
2837 1753
2843 1799
2851 2008
2857 1808
2861 1752
2879 1193
2887 1192
2897 1120
2903 1801
2909 1841
2917 1071
2927 1652
2939 1800
2953 1825
2957 1222
2963 1832
2969 1750
2971 1879
2999 1732
3001 1861
3011 1739
3019 1752
3023 2139
3037 1762
3041 2142
3049 1884
3061 855
3067 1893
3079 1940
3083 1912
3089 1791
3109 1927
3119 1830
3121 1804
3137 1820
3163 1208
3167 1840
3169 2232
3181 1966
3187 1848
3191 1212
3203 1962
3209 1968
3217 1889
3221 1975
3229 1251
3251 1904
3253 1367
3257 1376
3259 1244
3271 1269
3299 1263
3301 1212
3307 1283
3313 2028
3319 1270
3323 1272
3329 1264
3331 1291
3343 1227
3347 1024
3359 1282
3361 2130
3371 1306
3373 1416
3389 1399
3391 1311
3407 2159
3413 1304
3433 959
3449 1312
3457 1315
3461 1453
3463 1279
3467 1327
3469 1522
3491 1281
3499 2033
3511 2028
3517 1476
3527 1295
3529 2070
3533 1464
3539 2492
3541 1372
3547 1489
3557 2206
3559 1501
3571 2207
3581 2265
3583 2214
3593 1389
3607 2594
3613 2287
3617 2289
3623 2102
3631 1582
3637 1503
3643 2304
3659 1080
3671 2246
3673 2250
3677 1396
3691 1352
3697 2145
3701 2343
3709 1419
3719 1421
3727 2166
3733 2391
3739 2311
3761 2331
3767 1456
3769 2329
3779 2333
3793 1109
3797 1604
3803 1596
3821 2765
3823 1131
3833 2249
3847 1414
3851 2380
3853 1619
3863 2387
3877 1420
3881 1501
3889 1643
3907 2251
3911 2500
3917 1449
3919 1515
3923 1522
3929 2471
3931 1614
3943 2449
3947 2437
3967 2859
3989 2474
4001 2482
4003 2345
4007 2454
4013 2250
4019 2544
4021 2461
4027 2489
4049 1673
4051 1546
4057 1683
4073 1547
4079 2521
4091 2362
4093 1715
4099 2511
4111 1563
4127 2395
4129 2394
4133 2531
4139 2402
4153 2925
4157 2546
4159 2570
4177 2581
4201 2437
4211 2610
4217 2445
4219 2588
4229 2610
4231 2616
4241 1620
4243 2603
4253 2692
4259 2684
4261 2461
4271 2506
4273 2650
4283 2623
4289 2703
4297 2493
4327 2515
4337 2545
4339 2506
4349 2688
4357 2669
4363 2693
4373 2756
4391 2714
4397 1704
4409 2733
4421 1724
4423 2733
4441 2809
4447 1867
4451 2805
4457 1871
4463 2594
4481 2588
4483 1748
4493 1716
4507 1892
4513 1657
4517 2767
4519 2610
4523 2656
4547 1921
4549 2669
4561 1743
4567 1735
4583 1682
4591 2693
4597 2838
4603 1762
4621 1940
4637 2866
4639 1809
4643 1772
4649 2851
4651 2849
4657 2857
4663 2736
4673 1716
4679 1718
4691 2858
4703 1726
4721 2743
4723 1804
4729 2933
4733 1987
4751 2996
4759 1846
4783 1853
4787 1820
4789 1828
4793 1834
4799 1762
4801 1856
4813 2031
4817 1840
4831 2803
4861 2040
4871 2041
4877 2049
4889 2065
4903 2749
4909 3553
4919 2065
4931 2072
4933 1884
4937 2771
4943 2077
4951 1933
4957 1833
4967 1897
4969 1898
4973 2083
4987 1896
4993 2069
4999 3623
5003 1939
5009 1850
5011 2104
5021 1941
5023 1947
5039 1953
5051 1957
5059 3646
5077 1968
5081 2135
5087 2108
5099 1937
5101 2108
5107 2882
5113 1981
5119 3710
5147 1966
5153 3259
5167 3195
5171 3167
5179 2003
5189 3219
5197 2914
5209 3769
5227 3202
5231 3187
5233 3085
5237 2004
5261 3807
5273 3059
5279 2015
5281 3340
5297 1466
5303 2222
5309 2028
5323 2022
5333 2038
5347 2042
5351 3275
5381 3325
5387 3331
5393 2264
5399 1596
5407 3354
5413 3341
5417 3833
5419 3317
5431 2294
5437 3934
5441 2077
5443 2102
5449 3364
5471 3391
5477 2406
5479 3214
5483 3212
5501 2128
5503 1521
5507 3195
5519 3202
5521 3200
5527 3243
5531 3392
5557 2126
5563 3556
5569 2059
5573 3269
5581 3532
5591 3536
5623 3452
5639 1561
5641 1559
5647 3463
5651 3488
5653 3462
5657 3586
5659 3581
5669 3289
5683 3295
5689 3338
5693 3495
5701 3491
5711 2171
5717 3348
5737 3558
5741 3560
5743 3220
5749 3555
5779 2389
5783 3569
5791 3360
5801 3364
5807 3585
5813 2207
5821 3597
5827 4223
5839 2464
5843 3390
5849 3699
5851 2419
5857 3638
5861 4242
5867 2154
5869 2269
5879 2233
5881 3606
5897 2470
5903 3412
5923 2250
5927 2297
5939 2249
5953 3674
5981 2511
5987 3794
6007 2521
6011 2296
6029 2290
6037 3487
6043 2309
6047 3751
6053 2317
6067 3751
6073 3844
6079 2302
6089 2306
6091 2314
6101 4297
6113 3866
6121 3551
6131 2574
6133 3545
6143 2249
6151 3890
6163 2586
6173 2356
6197 2367
6199 2405
6203 2349
6211 3601
6217 2731
6221 3650
6229 3619
6247 3686
6257 2388
6263 2393
6269 3848
6271 3974
6277 3893
6287 3634
6299 4558
6301 3971
6311 3896
6317 2651
6323 3919
6329 2452
6337 3909
6343 1773
6353 3897
6359 3687
6361 3927
6367 2673
6373 2701
6379 2417
6389 3693
6397 2444
6421 4047
6427 3771
6449 2463
6451 3957
6469 2652
6473 1808
6481 4017
6491 4011
6521 3825
6529 3789
6547 2531
6551 4131
6553 4147
6563 2544
6569 2536
6571 3812
6577 4144
6581 2551
6599 4073
6607 1826
6619 2513
6637 2533
6653 2542
6659 1969
6661 1978
6673 2804
6679 2557
6689 4102
6691 4137
6701 2831
6703 2588
6709 2568
6719 3935
6733 3951
6737 2784
6761 2841
6763 4183
6779 4189
6781 3932
6791 4139
6793 2579
6803 3992
6823 2604
6827 2593
6829 2640
6833 4223
6841 2871
6857 2987
6863 2626
6869 2655
6871 2878
6883 2890
6899 2623
6907 2554
6911 2856
6917 4243
6947 2871
6949 2659
6959 2643
6961 4087
6967 4409
6971 5040
6977 2063
6983 2673
6991 4321
6997 4428
7001 2672
7013 2601
7019 5079
7027 4366
7039 2955
7043 2959
7057 2963
7069 2614
7079 2599
7103 4350
7109 2700
7121 3982
7127 2723
7129 2756
7151 2764
7159 4386
7177 2782
7187 2743
7193 2102
7207 2665
7211 2980
7213 4256
7219 2797
7229 2767
7237 2765
7243 2751
7247 3003
7253 3064
7283 2782
7297 3079
7307 4511
7309 3020
7321 4462
7331 3080
7333 2020
7349 3037
7351 2819
7369 4513
7393 4569
7411 4690
7417 2833
7433 2826
7451 4621
7457 2846
7459 5394
7477 4338
7481 4619
7487 5273
7489 4747
7499 2899
7507 4603
7517 4342
7523 5445
7529 4647
7537 4617
7541 2867
7547 4622
7549 4659
7559 3121
7561 2923
7573 2890
7577 3181
7583 4703
7589 4403
7591 3137
7603 3151
7607 4413
7621 3149
7639 3157
7643 5512
7649 3161
7669 2929
7673 3172
7681 2976
7687 5571
7691 4770
7699 2984
7703 3265
7717 2953
7723 4867
7727 5446
7741 4801
7753 2795
7757 4812
7759 2960
7789 4807
7793 4940
7817 3052
7823 4792
7829 3279
7841 2995
7853 3001
7867 3301
7873 4620
7877 4570
7879 4822
7883 3011
7901 4581
7907 4842
7919 4594
